
============================================================
DEPARTMENT
============================================================
              precision    recall  f1-score   support

           0       0.89      0.89      0.89       113
           1       0.98      0.96      0.97       140
           2       0.68      0.71      0.69       182
           3       0.99      0.98      0.98       136
           4       0.98      0.97      0.97       118
           5       0.97      0.99      0.98       168
           6       0.90      0.87      0.88       162
           7       0.95      0.99      0.97       120
           8       0.98      0.97      0.98       118
           9       0.92      0.92      0.92       149
          10       0.89      0.90      0.90       138
          11       0.92      0.81      0.86       120
          12       1.00      0.97      0.98       123
          13       0.89      0.85      0.87       131
          14       0.98      0.99      0.98       134
          15       0.87      0.87      0.87       142
          16       0.98      0.98      0.98       119
          17       0.97      0.97      0.97       148
          18       0.90      0.92      0.91       122
          19       0.99      0.97      0.98       143
          20       0.99      0.98      0.98       121
          21       0.74      0.80      0.77       210
          22       0.87      0.89      0.88       143
          23       0.91      0.88      0.89       178
          24       0.90      0.90      0.90       186

    accuracy                           0.91      3564
   macro avg       0.92      0.92      0.92      3564
weighted avg       0.91      0.91      0.91      3564


============================================================
SUB_CATEGORY
============================================================
              precision    recall  f1-score   support

           0       0.93      0.76      0.84        54
           1       1.00      1.00      1.00        15
           2       1.00      1.00      1.00        19
           3       1.00      0.92      0.96        25
           4       1.00      0.94      0.97        17
           5       1.00      0.95      0.98        21
           6       1.00      0.98      0.99        45
           7       1.00      0.94      0.97        16
           8       1.00      1.00      1.00        17
           9       0.69      0.53      0.60        34
          10       1.00      0.96      0.98        23
          11       1.00      1.00      1.00        35
          12       1.00      0.88      0.94        26
          13       1.00      0.94      0.97        16
          14       1.00      0.95      0.97        19
          15       1.00      1.00      1.00        25
          16       0.84      0.62      0.71        26
          17       0.93      1.00      0.97        14
          18       1.00      1.00      1.00        22
          19       0.96      0.96      0.96        23
          20       0.95      1.00      0.98        20
          21       0.86      0.96      0.91        25
          22       0.66      0.90      0.76        41
          23       0.92      0.96      0.94        24
          24       1.00      0.89      0.94        19
          25       1.00      0.93      0.96        14
          26       0.75      0.67      0.71        36
          27       1.00      1.00      1.00        25
          28       0.60      0.77      0.67        52
          29       1.00      0.95      0.97        37
          30       1.00      0.92      0.96        37
          31       0.86      0.95      0.90        19
          32       0.75      0.60      0.67        30
          33       0.88      0.92      0.90        25
          34       0.80      1.00      0.89        24
          35       1.00      1.00      1.00        14
          36       0.87      1.00      0.93        20
          37       1.00      1.00      1.00        15
          38       1.00      1.00      1.00        33
          39       0.95      1.00      0.97        18
          40       1.00      1.00      1.00        40
          41       1.00      0.97      0.98        33
          42       0.61      0.94      0.74        18
          43       1.00      0.95      0.97        19
          44       0.96      0.92      0.94        24
          45       1.00      1.00      1.00        17
          46       1.00      0.97      0.99        35
          47       0.93      0.82      0.88        17
          48       0.91      0.95      0.93        22
          49       0.57      0.86      0.69        14
          50       1.00      1.00      1.00        17
          51       1.00      0.91      0.95        22
          52       0.91      0.95      0.93        21
          53       1.00      1.00      1.00        16
          54       1.00      1.00      1.00        19
          55       0.85      0.79      0.81        14
          56       1.00      1.00      1.00        22
          57       0.79      0.96      0.86        23
          58       0.82      0.90      0.86        10
          59       1.00      0.95      0.98        22
          60       0.96      1.00      0.98        25
          61       0.50      0.75      0.60        16
          62       1.00      1.00      1.00        17
          63       0.95      0.95      0.95        21
          64       1.00      0.98      0.99        41
          65       1.00      1.00      1.00        25
          66       0.91      1.00      0.95        21
          67       1.00      0.98      0.99        44
          68       1.00      0.95      0.97        20
          69       0.98      1.00      0.99        45
          70       1.00      0.92      0.96        24
          71       1.00      1.00      1.00        23
          72       1.00      1.00      1.00        29
          73       1.00      1.00      1.00        33
          74       0.96      0.86      0.91        29
          75       1.00      0.95      0.97        19
          76       0.69      0.83      0.75        24
          77       1.00      0.96      0.98        25
          78       0.31      0.30      0.31        30
          79       1.00      1.00      1.00        21
          80       1.00      0.90      0.95        20
          81       1.00      0.97      0.98        30
          82       0.94      0.67      0.78        48
          83       1.00      0.95      0.97        39
          84       0.90      0.90      0.90        21
          85       0.86      0.92      0.89        13
          86       1.00      0.95      0.97        38
          87       1.00      1.00      1.00        21
          88       1.00      0.96      0.98        23
          89       1.00      0.94      0.97        17
          90       1.00      0.94      0.97        17
          91       0.58      0.92      0.71        12
          92       0.88      1.00      0.94        23
          93       0.94      0.89      0.92        19
          94       1.00      1.00      1.00        23
          95       0.97      0.95      0.96        38
          96       0.52      0.60      0.56        20
          97       0.72      0.88      0.79        48
          98       1.00      1.00      1.00        22
          99       1.00      0.93      0.96        14
         100       1.00      0.96      0.98        28
         101       0.89      1.00      0.94        16
         102       0.90      0.95      0.93        40
         103       0.82      0.60      0.69        30
         104       0.89      1.00      0.94        25
         105       1.00      1.00      1.00        28
         106       1.00      1.00      1.00        21
         107       1.00      0.96      0.98        23
         108       1.00      0.94      0.97        18
         109       0.59      0.53      0.56        30
         110       1.00      0.95      0.98        22
         111       0.65      0.88      0.75        17
         112       1.00      1.00      1.00        21
         113       1.00      1.00      1.00        21
         114       0.82      0.59      0.68        46
         115       0.65      0.82      0.73        40
         116       1.00      1.00      1.00        36
         117       1.00      1.00      1.00        25
         118       0.96      1.00      0.98        23
         119       1.00      1.00      1.00        17
         120       1.00      1.00      1.00        14
         121       1.00      1.00      1.00        23
         122       1.00      1.00      1.00        24
         123       1.00      0.91      0.95        22
         124       1.00      0.96      0.98        28
         125       1.00      0.96      0.98        25
         126       1.00      0.97      0.98        33
         127       1.00      0.94      0.97        17
         128       1.00      1.00      1.00        38
         129       0.93      1.00      0.96        25
         130       1.00      0.96      0.98        25
         131       0.92      0.96      0.94        25
         132       0.83      0.50      0.62        38
         133       0.75      0.84      0.79        43
         134       1.00      0.95      0.97        20
         135       1.00      0.96      0.98        23
         136       1.00      1.00      1.00        23
         137       0.61      1.00      0.76        14
         138       1.00      0.98      0.99        41
         139       0.94      0.94      0.94        17
         140       1.00      0.95      0.97        19
         141       1.00      1.00      1.00        17

    accuracy                           0.91      3564
   macro avg       0.92      0.92      0.92      3564
weighted avg       0.92      0.91      0.91      3564


============================================================
SENTIMENT
============================================================
              precision    recall  f1-score   support

           0       0.82      0.78      0.80       779
           1       0.85      0.82      0.83      1742
           2       0.75      0.82      0.78      1043

    accuracy                           0.81      3564
   macro avg       0.80      0.80      0.80      3564
weighted avg       0.81      0.81      0.81      3564


============================================================
PRIORITY
============================================================
              precision    recall  f1-score   support

           0       0.73      0.65      0.69       292
           1       0.73      0.72      0.73      1483
           2       0.59      0.46      0.51       189
           3       0.73      0.78      0.76      1600

    accuracy                           0.73      3564
   macro avg       0.70      0.65      0.67      3564
weighted avg       0.73      0.73      0.73      3564

